8	77322	77602	281	0	2
8	204211	204496	286	0	0
8	334989	335480	492	0	53
8	494200	494430	231	0	0
8	506913	507403	491	0	0
8	522085	522164	80	0	0
8	555799	556060	262	0	0
8	625384	625719	336	0	40
8	684671	684762	92	0	49
8	685454	686007	554	0	0
8	784229	784574	346	0	38
8	822722	823297	576	0	0
8	908635	908942	308	0	32
8	913706	913847	142	0	0
8	985748	985950	203	0	31
8	986466	986694	229	0	0
8	992074	992306	233	0	24
8	1013505	1013862	358	0	28
8	1014091	1014561	471	0	0
8	1020738	1021067	330	0	0
8	1026574	1026770	197	0	33
8	1194312	1194455	144	0	0
8	1237094	1237380	287	0	53
8	1237654	1238050	397	0	46
8	1242197	1242401	205	0	47
8	1292692	1292817	126	0	58
8	1300623	1300694	72	0	0
8	1660529	1660913	385	0	43
8	1669373	1669528	156	0	59
8	1888244	1888352	109	0	0
8	1888662	1888752	91	0	0
8	1893345	1893758	414	0	38
8	1986569	1986818	250	0	46
8	2033883	2034061	179	0	57
8	2061419	2061592	174	0	0
8	2072084	2072251	168	0	49
8	2227137	2227207	71	0	45
8	2427522	2427659	138	0	43
8	2459828	2460062	235	0	47
8	2554375	2554650	276	0	27
8	2560129	2560199	71	0	12
8	2561030	2561201	172	0	13
8	2561906	2562074	169	0	0
8	2666987	2667229	243	0	9
8	2675753	2675912	160	0	41
8	2677038	2677468	431	0	53
8	2678261	2678497	237	0	17
8	2821517	2821836	320	0	0
8	2831455	2831639	185	0	0
8	2831956	2832026	71	0	0
8	2833872	2834390	519	0	0
8	3115841	3115982	142	0	0
8	3116288	3116496	209	0	0
8	3278630	3278764	135	0	0
8	3332216	3332483	268	0	39
8	3523205	3523327	123	0	31
8	3525829	3525943	115	0	36
8	3530251	3530410	160	0	41
8	3685704	3685907	204	0	0
8	3687052	3687232	181	0	51
8	3690169	3690404	236	0	51
8	3772952	3773065	114	0	0
8	3773117	3773266	150	0	32
8	3858146	3858289	144	0	0
8	3858769	3859053	285	0	32
8	3890927	3891268	342	0	0
8	3986348	3986444	97	0	27
8	3997967	3998189	223	0	34
8	4075932	4076522	591	0	59
8	4077826	4077985	160	0	0
8	4120913	4121350	438	0	36
8	4122062	4122153	92	0	0
8	4182075	4182221	147	0	33
8	4446577	4446872	296	0	31
8	4469994	4470137	144	0	0
8	4472050	4472186	137	0	36
8	4474042	4474229	188	0	29
8	4499908	4500086	179	0	30
8	4574443	4574775	333	0	45
8	4577757	4577829	73	0	0
8	4683937	4684145	209	0	0
8	4713344	4713414	71	0	61
8	4742172	4742379	208	0	38
8	4748078	4748480	403	0	0
8	4803883	4804305	423	0	64
8	4861421	4862097	677	0	0
8	4969183	4969442	260	0	42
8	4972227	4972495	269	0	27
8	5007448	5007742	295	0	0
8	5032668	5032963	296	0	0
8	5033498	5033676	179	0	0
8	5133304	5133789	486	0	107
